3 28 104
3 34 6
5 3 101
5 4 6
6 7 104
9 3 6
13 14 102
14 13 1
14 18 104
15 3 101
16 3 101
16 13 1
16 32 6
18 11 333
19 3 101
20 10 102
21 13 83
21 13 6
22 13 333
24 6 103
25 22 101
26 32 2
26 32 6
27 48 333
28 3 14
30 24 104
31 15 101
33 8 51
33 8 320
33 8 328
33 9 322
33 10 104
33 11 6
33 12 51
33 12 320
37 5 104
38 5 6
38 10 104
38 12 333
40 21 333
40 35 333
41 3 101
45 13 326
47 13 328
48 6 330
48 10 328
49 10 329
49 14 328
50 14 328
51 5 320
51 5 330
51 9 328
52 5 332
53 4 6
53 10 51
53 10 320
53 10 328
54 9 104
55 3 6
56 11 104
56 27 104
56 33 320
56 33 129
56 36 104
56 39 104
56 42 104
56 50 104
56 53 104
56 56 329
57 3 104
57 6 6
57 10 51
57 10 320