15 3 14 
34 
2 16 2 14 
2 16 2 14 
2 16 2 14 
2 16 2 14 
2 16 14 
15 2 16 2 14 
30 2 20 2 5 2 14 
2 5 2 14 
2 20 2 20 5 38 11 15 74 15 12 8 2 14 
2 20 2 5 38 11 15 74 2 12 8 2 14 
2 20 2 5 38 11 2 74 15 12 8 14 
2 20 2 5 38 11 2 74 2 12 8 14 38 11 2 74 2 20 2 74 54 20 2 74 2 12 8 38 11 2 74 2 20 2 74 2 12 8 2 14 
21 21 21 15 21 21 2 20 2 5 2 14 
2 20 2 9 2 20 20 2 4 14 
2 20 2 5 9 2 20 2 20 20 2 4 15 14 
2 20 20 2 5 14 21 21 21 
2 20 2 5 15 74 15 14 
2 5 2 14 
2 20 2 20 2 20 2 5 2 14 
2 5 2 14 
2 5 2 14 
80 2 9 2 5 2 14 2 5 2 14 2 5 2 14 2 5 2 20 4 14 
34 34 
2 16 2 14 
30 2 5 2 14 
2 5 2 14 
17 
26 2 51 15 55 15 54 17 
2 11 2 20 2 12 51 15 21 2 71 15 70 21 9 2 21 9 15 60 2 71 15 21 15 4 71 2 70 15 60 9 2 60 9 15 70 2 4 71 2 4 4 14 
13 14 
13 14 

17 
26 2 51 82 55 15 54 
2 51 15 70 2 14 

2 51 15 21 2 71 15 70 9 2 21 9 15 71 15 21 15 4 71 2 70 15 60 9 2 60 9 15 70 2 4 71 2 4 4 14 


2 2 51 15 21 2 71 15 70 9 2 21 70 9 15 60 2 71 15 21 15 4 71 2 70 15 60 9 2 60 9 15 70 2 4 71 2 4 4 14 
2 51 15 14 
2 51 2 60 15 70 15 21 2 
2 11 15 20 15 12 51 15 70 15 60 15 21 15 14 

21 21 56 9 2 65 2 4 52 
17 
2 51 2 21 14 
13 
32 17 
9 2 51 2 14 

13 14 

13 61 
13 